ID,activation_x-CS,activation_x-CXS,activation_y-CS,activation_y-CXS
2009,0.75,1.5,2.5,2.25
2054,2.5,2.25,2.75,3.5
2072,2.5,2.25,2.5,2.5
2081,3.25,2.25,2.75,2.25
3024,2.25,2.0,2.75,2.5
3036,2.75,2.0,2.5,2.5
3054,3.0,3.0,3.5,2.0
4005,1.5,1.5,1.5,2.25
4010,2.25,2.0,2.5,2.5
5065,2.75,2.5,2.5,2.25
5104,2.25,1.5,1.75,2.25
6016,2.0,1.75,2.0,2.0
6064,1.0,2.25,2.5,2.25
6066,1.75,1.5,1.25,1.5
7072,3.0,2.25,3.25,3.0
8028,2.0,2.0,1.25,2.0
8035,1.5,2.25,2.25,1.75
8063,3.0,2.0,2.5,2.5
8070,3.75,4.5,3.25,2.5
9377,1.5,1.25,2.0,1.5
